0.981684361111266,1.79801762608317E-02,3.29318415549174E-04,6.03167717860842E-06,1.10474021153273E-07,2.02340222354991E-09,3.70599106958025E-11,6.78790357255821E-13,1.24344978758018E-14,2.22044604925031E-16,0,0,0,0,0,0,0,0,0,0
0.864664716763387,0.117019644347878,1.58368867120678E-02,2.14328954876386E-03,2.90062698140026E-04,3.92557174091479E-05,5.31268363423987E-06,7.18993544368551E-07,9.73051950126091E-08,1.31688261406637E-08,1.78220682656161E-09,2.41195396988303E-10,3.26422222585165E-11,4.41768843728596E-12,5.97855098760647E-13,8.09352584951739E-14,1.0991207943789E-14,1.4432899320127E-15,2.22044604925031E-16,0
0.736402861884273,0.194113686892925,5.11678123340673E-02,1.34876888949028E-02,3.55531619249161E-03,9.37171173437279E-04,2.47035639242665E-04,6.51178875169522E-05,1.71648887895559E-05,4.52461556099681E-06,1.19267571296877E-06,3.14385904642833E-07,8.28712247713526E-08,2.18446176702969E-08,5.75817871162343E-09,1.51783940971484E-09,4.00098065789223E-10,1.05464748045847E-10,2.78002065812188E-11,9.9511510143202E-12
0.632120558828558,0.23254415793483,8.55482148687488E-02,3.14714294791297E-02,1.15776918896487E-02,4.2591948224191E-03,1.5668702111119E-03,5.76419337651957E-04,2.12052823815867E-04,7.80098743241586E-05,2.86982289722237E-05,1.05574884369242E-05,3.88388294636499E-06,1.42880068787488E-06,5.25626398628631E-07,1.9336714573992E-07,7.11357975857752E-08,2.6169397426834E-08,9.62718327279788E-09,5.60279644901129E-09
0.550671035882778,0.247432446122566,0.111178564705243,4.99557493110463E-02,2.24465650896319E-02,1.00858918397142E-02,4.53188333253707E-03,2.03630644330899E-03,9.14971464797243E-04,4.11123180474204E-04,1.84729552807017E-04,8.3004338604642E-05,3.72962534824772E-05,1.67582869426974E-05,7.52998371233993E-06,3.38343978134592E-06,1.52027749200645E-06,6.83104710685889E-07,3.06938732097528E-07,2.5045163720705E-07
0.486582880967408,0.249819980916865,0.128261854879114,6.58518320138112E-02,3.38094578755491E-02,1.73583544585182E-02,8.91207633723901E-03,4.57561255766381E-03,2.34919781716503E-03,1.20611837532658E-03,6.19241821472438E-04,3.17929351964841E-04,1.63230371941658E-04,8.3805267301007E-05,4.30270588973602E-05,2.2090828619592E-05,1.13418095868401E-05,5.82307920271585E-06,2.98966854817007E-06,3.15454380517277E-06
0.435281877992241,0.245811564683789,0.138814245176018,7.83909198437256E-02,4.42687730366095E-02,2.49993783728218E-02,1.41176020060613E-02,7.97246569211596E-03,4.50219585342304E-03,2.54247158725618E-03,1.4357797800133E-03,8.10810860985889E-04,4.57879586719501E-04,2.58572900317833E-04,1.46020802669677E-04,8.24605934576228E-05,4.65669914769817E-05,2.62972239745141E-05,1.48505189369041E-05,1.92664973868162E-05
0.393469340287367,0.238651218541191,0.144749281023013,8.77948769118171E-02,5.32502846127139E-02,3.22979302560349E-02,1.95896849455455E-02,1.18817445335843E-02,7.20664235049195E-03,4.37104953915679E-03,2.65117556062144E-03,1.60801926179766E-03,9.75312983688803E-04,5.91557227423101E-04,3.5879759540669E-04,2.17621742245266E-04,1.31994258891877E-04,8.00585649239904E-05,4.85579741990039E-05,7.48518298876455E-05
0.358819611570045,0.230068097922767,0.147515152391461,9.45838227096606E-02,6.06452921841703E-02,3.88845719990943E-02,2.49320249783118E-02,1.59859254599394E-02,1.02498618958161E-02,6.57201043171285E-03,4.21384420137139E-03,2.70183426181858E-03,1.73236314146619E-03,1.11075727194698E-03,7.12195779078439E-04,4.56645966267599E-04,2.9279243802649E-04,1.8773276914319E-04,1.20370569840267E-04,2.1509205806225E-04
0.329679953964361,0.220991081918418,0.14813475220502,9.92976939175466E-02,6.65612347580427E-02,4.46173299472002E-02,2.99078906641945E-02,2.00478586468518E-02,1.34384815310736E-02,9.00808355855831E-03,6.03829898566577E-03,4.04759285404843E-03,2.71318262825926E-03,1.81870070427781E-03,1.21911153981658E-03,8.17194903492413E-04,5.47782125329133E-04,3.6718933946811E-04,2.46134374936147E-04,5.00451433440574E-04
0.304856071601121,0.211918847209053,0.147314099950663,0.102404502148249,7.11858679090652E-02,4.94844238647912E-02,3.43987967999262E-02,2.39121147396956E-02,1.66223613764767E-02,1.15549335865098E-02,8.03234192571445E-03,5.58363372048432E-03,3.88142907919786E-03,2.69815185791522E-03,1.87560388192787E-03,1.30381465060359E-03,9.06338838124632E-04,6.30035940394347E-04,4.37965658638295E-04,9.98665261448095E-04
0.283468689426211,0.203114191541197,0.14553767786115,0.104282303055716,7.47215352781648E-02,5.35403196009492E-02,3.83633153722076E-02,2.74885166416036E-02,1.96963828549376E-02,1.41130750206115E-02,0.010112460140745,7.24589431777323E-03,5.19191015179321E-03,3.72016618544579E-03,2.66561555240974E-03,1.90999700525407E-03,1.36857265736667E-03,9.80625159798354E-04,7.02648630931946E-04,1.77610354573443E-03
0.264858519408316,0.194708484105151,0.143138283288823,0.105226889506297,7.73566513497169E-02,5.68680832068456E-02,4.18060868870916E-02,3.07333886119211E-02,2.25933888077673E-02,1.66093372997256E-02,0.012210212814167,8.97623392654634E-03,6.5988018988985E-03,4.85105299808752E-03,3.56621028344284E-03,2.62166910787132E-03,1.92729770958211E-03,1.41683649176316E-03,1.04157527631099E-03,2.89099702167628E-03
0.248522706924714,0.186759171067527,0.140345276330809,0.10546628835298,7.92555208821946E-02,5.95587242938235E-02,4.47570289113397E-02,3.36338909323859E-02,2.52751053134587E-02,1.89936677231508E-02,1.42733100061647E-02,1.07260683666571E-02,8.06039682151594E-03,6.05720518454533E-03,4.55185215568377E-03,3.42061353643219E-03,2.57051340101477E-03,1.93168245240827E-03,1.45161550041673E-03,4.38936184277849E-03
0.234071661635351,0.179282118854617,0.13731725539281,0.105175177251809,8.05566487496856E-02,6.17006201210714E-02,4.72582534454006E-02,0.036196435535451,2.77238757243913E-02,2.12345020666109E-02,0.01626410688388,1.24571403605553E-02,9.54127681713524E-03,7.30793429842558E-03,5.59735397407113E-03,4.28717202859907E-03,3.28366654814827E-03,2.51505326296686E-03,1.92635056660273E-03,6.30339648241729E-03
0.221199216928595,0.172270123358771,0.134164106971619,0.104487111569572,8.13746443112522E-02,6.33746367117604E-02,4.93562166979846E-02,3.84386602138325E-02,2.99360586747484E-02,2.33142259379655E-02,1.81571374171913E-02,1.41407928388436E-02,1.10128605361419E-02,8.57682440940355E-03,6.6796375663094E-03,5.20210696727486E-03,0.004051404979735,3.15523737075696E-03,2.45730133512168E-03,8.65169520312059E-03
0.209661637018502,0.165703634981224,0.130961939611144,0.103504244965154,8.18033755273954E-02,6.46523459006824E-02,5.10972292220589E-02,4.03841004962524E-02,3.19171038766884E-02,2.52253116290124E-02,1.99365314985718E-02,1.57566056681102E-02,1.24530499298794E-02,9.84212309570764E-03,7.77860745572401E-03,6.14773188283257E-03,0.004858788352327,3.84008683245174E-03,3.03496794086677E-03,1.14405841154157E-02
0.199262597083192,0.159557014486853,0.127763269397363,0.102304828525405,8.19193026992818E-02,6.55958496921789E-02,5.25250503246365E-02,4.20587723850241E-02,3.36780321694534E-02,2.69672600147168E-02,2.15936937479666E-02,1.72908782511277E-02,1.38454529449588E-02,1.10865720333531E-02,8.8774328972373E-03,7.10849256270207E-03,5.69203587331146E-03,4.55782602250465E-03,3.64962177220707E-03,1.46660171165272E-02
0.189842265067573,0.153802179461587,0.12460402534027,0.100948914933135,8.17845442661153E-02,6.62583811351167E-02,5.36797399807156E-02,4.34890565545382E-02,3.52329955525729E-02,2.85442838717567E-02,2.31253723668107E-02,1.87351992961642E-02,0.015178466625288,1.22969521408908E-02,9.96247089303648E-03,8.07117285303272E-03,0.006538923116861,5.29755914125352E-03,4.29185851454839E-03,1.83156388887342E-02
0.181269246922018,0.148410707042343,0.121508409941613,9.94826719768049E-02,8.14495229457792E-02,6.66852292592404E-02,5.45972479705955E-02,4.47004459469511E-02,3.65976297730688E-02,2.99636049849739E-02,2.45321248742788E-02,2.00852050729214E-02,1.64443750750786E-02,0.013463515589116,0.011022994257354,9.02486438949779E-03,7.38893401804008E-03,6.04954751303355E-03,4.95295059112699E-03,2.23707718561655E-02
0.173434562375762,0.14335501494929,0.118492300667189,9.79416403560778E-02,8.09551748225573E-02,6.69147495051536E-02,5.53094192082437E-02,4.57168542926043E-02,0.03778797167517,3.12342313446192E-02,2.58171361002218E-02,2.13395523988845E-02,1.76385364672893E-02,0.014579404614136,1.20508319551842E-02,9.96080118877296E-03,8.23325399368613E-03,6.80532319036276E-03,5.62504494101645E-03,0.026808195953779
0.166247081924819,0.138608989676302,0.115565649614069,9.63531975949841E-02,8.03347596606925E-02,6.69793402899705E-02,5.58442204175135E-02,4.65602817307356E-02,3.88197707594032E-02,0.032366097149662,2.69853279452354E-02,2.24990959195558E-02,0.018758686876983,1.56401099229432E-02,1.30399872872705E-02,1.08721274524251E-02,9.06466798914463E-03,7.55769338733203E-03,6.30124891560557E-03,3.16016654853529E-02
0.159630029869102,0.134148283433092,0.112734188941778,9.47384269937334E-02,0.079615329062972,6.69063317066114E-02,5.62260719778529E-02,0.047250702428606,3.97080713885916E-02,3.33694707667863E-02,0.028042701151568,2.35662439291329E-02,1.98043637068229E-02,1.66429925367643E-02,1.39862711410093E-02,1.17536422610126E-02,9.87740799581638E-03,0.008300677062415,6.97563973500792E-03,3.67231539113252E-02
0.153518275109386,0.129950414316825,0.110000650861156,9.31135406800414E-02,7.88189105255137E-02,0.066718767335636,5.64762172568446E-02,0.047806085798871,4.04669779672969E-02,3.42545573108679E-02,0.028995856757868,2.45444628430812E-02,0.020776439243925,1.75868761282826E-02,1.48869692405063E-02,1.26015474010973E-02,1.06669795803717E-02,9.02940327456592E-03,7.64322485858759E-03,4.21438435092764E-02
0.147856211033789,0.12599475189252,0.10736564526755,9.14909677630923E-02,0.077963459925827,6.64360781421095E-02,5.66130913520726E-02,4.82424941698453E-02,4.11095417710724E-02,3.50312406874664E-02,2.98516541716048E-02,2.54379016927003E-02,2.16767499317677E-02,1.84717078193297E-02,1.57405510898403E-02,1.34132128461127E-02,1.14299860168968E-02,9.73999159226913E-03,8.29987333993543E-03,4.78348894941983E-02
0.142596080839559,0.122262438568757,0.104828293994965,8.98801901101858E-02,7.70636272553586E-02,6.60746560334641E-02,5.66526690402701E-02,0.048574220466027,4.16477269977349E-02,0.035708924351982,3.06169716883931E-02,2.62511115184525E-02,0.022507805898239,1.92982809888527E-02,1.65464217529017E-02,1.41869668590194E-02,1.21639609859225E-02,1.04294278218448E-02,8.94223228905056E-03,5.37679925390211E-02
0.137696643166741,0.118736277627352,0.102386690775952,8.82883871511521E-02,7.61313726098327E-02,6.56483381617824E-02,5.66087823674298E-02,4.88139430616782E-02,4.20924269623527E-02,3.62964410668953E-02,3.12985429730845E-02,2.69888386696807E-02,0.023272566181897,2.00680119407739E-02,1.73047140614994E-02,1.49219130242705E-02,1.28672156912024E-02,1.10954432836214E-02,9.56763798901972E-03,5.99158132337818E-02
0.133122100249818,0.115400606674896,0.10003823554423,8.67209355232965E-02,0.075176462450806,6.51688138800032E-02,5.64934045055077E-02,4.89728838474719E-02,4.24535106944059E-02,3.68020101877886E-02,0.031902849298175,2.76558749956485E-02,2.39742668319813E-02,2.07827620793584E-02,0.018016117142362,1.56177737900239E-02,1.35387029418693E-02,1.17364023715893E-02,1.01740278385064E-02,6.62522591522617E-02
0.128841230410731,0.11224116775698,9.77798776004335E-02,8.51817978609828E-02,7.42068702159757E-02,6.46459657524199E-02,5.63168999837881E-02,4.90609612969589E-02,4.27398866783254E-02,3.72332270910748E-02,3.24360523004984E-02,2.82569514124354E-02,0.024616291024801,0.021444697801017,1.86817365505477E-02,1.62747586271659E-02,1.41778987010043E-02,1.23512007877282E-02,1.07598568811872E-02,7.27526712659445E-02
0.124826680957053,0.109244980678299,9.56082923290094E-02,8.36738265256075E-02,7.32291004774397E-02,6.40881549153705E-02,5.60882432486234E-02,4.90869340031859E-02,4.29595749532101E-02,3.75970737964755E-02,3.29039558607639E-02,2.87966642603075E-02,2.52020722380586E-02,0.022056181207342,1.93029813126421E-02,0.016893454222809,1.47847004022759E-02,1.29391753221154E-02,1.13240210123342E-02,7.93939322770783E-02
0.121054387995988,0.106400223142905,9.35200092477037E-02,8.21990017628439E-02,7.22484519105617E-02,0.063502459780871,5.58152083758579E-02,0.04905853248505,4.31197818590909E-02,3.78999430556182E-02,3.33119886439375E-02,2.92794262457163E-02,2.57350232206676E-02,0.022619685734627,1.98814735213603E-02,1.74747339117736E-02,0.015359340692691,1.35000251051155E-02,1.18657878280852E-02,8.61545154795365E-02
0.117503097415405,0.103696119513191,9.15115042804327E-02,8.07586190783388E-02,7.12692311936432E-02,6.28948757779755E-02,5.55045330625062E-02,4.89825785070661E-02,4.32269738130926E-02,3.81476704981596E-02,3.36652010554437E-02,2.97094356563167E-02,2.62184849442357E-02,2.31377317537489E-02,2.04189766055167E-02,1.80196836083157E-02,0.015902314969893,1.40337437048553E-02,1.23847353512009E-02,9.30144892106635E-02
0.114153967072293,0.101122838873951,8.95792656548771E-02,7.93534371129502E-02,7.02949274656851E-02,6.22704826304181E-02,5.51620600066495E-02,4.88650920250107E-02,4.32869479190029E-02,3.83455710915971E-02,3.39682720318386E-02,3.00906590248133E-02,2.66556909253112E-02,2.36128380611341E-02,2.09173389226199E-02,1.85295417040072E-02,1.64143210104633E-02,1.45405611503208E-02,1.28806984115545E-02,9.99554889055024E-02
0.110990234597224,9.86714024212774E-02,8.77198403185027E-02,7.79837946627211E-02,6.93283549983238E-02,6.16335846128203E-02,5.47928585975754E-02,4.87113863675781E-02,4.33048981670845E-02,3.84984773603109E-02,0.034225522326454,3.04268235742283E-02,2.70497432876764E-02,2.40474859343826E-02,2.13784498290519E-02,1.90056506672005E-02,0.016896209040975,1.50208948357134E-02,1.33537221940374E-02,0.106960666206862
0.107996938546906,9.63335998114015E-02,8.59298659525674E-02,7.66497034999442E-02,6.83717701814222E-02,6.09878283187959E-02,5.44013295717417E-02,4.85261525251123E-02,0.04328547661294,3.86107776551988E-02,3.44409318735222E-02,0.030721416670479,2.74035977222437E-02,2.44440930630702E-02,2.18042058467031E-02,1.94494183678126E-02,1.73489407275709E-02,1.54753082419614E-02,0.01380402232876,0.114014622481848
0.10516068318563,9.41019138975617E-02,8.42060923430188E-02,7.53509221438347E-02,6.74269676925217E-02,6.03363017048408E-02,5.39912949966653E-02,4.83135335287392E-02,4.32328493357451E-02,3.86864533635367E-02,3.46181594977981E-02,3.09776901943808E-02,2.77200551300267E-02,2.48049951946098E-02,2.21964849535283E-02,1.98622874314958E-02,1.77735557155704E-02,0.015904476453883,0.014231950844283,0.12110333239233
0.10246943914554,9.19694531867385E-02,8.25453949001715E-02,7.40870145807037E-02,6.64953597486517E-02,5.96816175294262E-02,5.35660756538874E-02,4.80771899244059E-02,4.31507472371585E-02,0.038729114369056,3.47605637410552E-02,3.11986682701265E-02,0.028001758230399,2.51324337694409E-02,2.25571273767239E-02,2.02457111856965E-02,1.81711445153956E-02,1.63091575282703E-02,1.46379673034124E-02,0.12821406180374
9.99123737477408E-02,8.99298913198325E-02,8.09447824071917E-02,7.28573970543948E-02,6.55780415696086E-02,0.059025983770661,5.31285576193385E-02,4.78203573137969E-02,4.30425119011103E-02,0.038742032365005,3.48712239476056E-02,3.13871571875112E-02,2.82511918077135E-02,2.54285481730021E-02,2.28879215640787E-02,2.06011349904595E-02,1.85428266916651E-02,1.66901688609078E-02,1.50226144717639E-02,0.135335283236613
9.74797059664067E-02,8.79774128911096E-02,7.94014005507991E-02,7.16613753717863E-02,6.46758455713963E-02,5.83712631619679E-02,5.26812495920514E-02,4.75458968718754E-02,4.29111368248958E-02,3.87281718245208E-02,0.03495296102245,3.15457566593264E-02,2.84706855756874E-02,2.56953715171073E-02,2.31905942569222E-02,2.09299819475711E-02,1.88897334614396E-02,1.70483677978348E-02,1.53864979176946E-02,0.142456591217157
9.51625819640404E-02,8.61066649579777E-02,0.077912532396264,7.04981746460785E-02,6.37893863230058E-02,0.057719023618607,0.052226332302617,4.72563396741879E-02,4.27593043766225E-02,3.86902185691568E-02,3.50083574733628E-02,3.16768717858775E-02,2.86624188781894E-02,2.59348290924061E-02,2.34668037931767E-02,2.12336421537744E-02,1.92129939419208E-02,0.017384635831148,1.57302689989515E-02,0.149568619222635
9.29529678763055E-02,0.084312713639292,7.64755966768148E-02,6.93669629955935E-02,6.29190979125873E-02,5.70705810255124E-02,5.17657011407657E-02,4.69539255855339E-02,4.25894188489152E-02,3.86306059667815E-02,3.50397764913091E-02,3.17827252727195E-02,2.88284266314228E-02,0.026148738816828,2.37181359375813E-02,2.15134648096895E-02,1.95137244063264E-02,0.017699865808438,1.60546107505315E-02,0.156662959407052
9.08435571232869E-02,0.082591005252475,7.50881445489521E-02,6.82668704003377E-02,6.20652650594966E-02,5.64270356076924E-02,5.13010029751672E-02,4.66406373809106E-02,4.24036359747314E-02,3.85515388478259E-02,3.50493799263126E-02,0.031865369578841,0.028970606057251,2.63388131509927E-02,2.39461016739508E-02,2.17707526186535E-02,1.97930200095238E-02,1.79949516656462E-02,1.63602262460774E-02,0.163732085901875
8.88276900039782E-02,8.09373314925353E-02,7.37478553009671E-02,6.71970036718347E-02,6.12280490604767E-02,5.57893028989843E-02,5.08336679955353E-02,4.63182306930627E-02,4.22038892555265E-02,3.84550152637746E-02,3.50391450888257E-02,3.19266987708711E-02,2.90907238696017E-02,2.65066620677215E-02,2.41521365065297E-02,2.20067580119938E-02,2.00519485333119E-02,1.82707802650192E-02,1.66478290595072E-02,0.170769282189943
8.68992837177377E-02,7.93477982070818E-02,7.24525313783068E-02,0.066156458297995,6.04075094585969E-02,5.51581401554723E-02,5.03649372847593E-02,4.59882603102248E-02,4.19919134298415E-02,3.83428462308509E-02,3.50108803576906E-02,3.19684599322799E-02,2.91904236626056E-02,2.66537967549079E-02,2.43376009085483E-02,2.22226808221873E-02,2.02915457764512E-02,0.018528224982952,1.69181355033723E-02,0.177768572828138
0.085052771269969,7.78187973692673E-02,0.071200092996115,6.51443277721159E-02,5.96036221625783E-02,5.45341689199228E-02,4.98958867243787E-02,0.045652103283498,4.17692653849335E-02,3.82166736100342E-02,3.49662396107809E-02,3.19922640309941E-02,2.92712333159575E-02,2.67816338039455E-02,2.45037816297826E-02,2.24196670955753E-02,2.05128122781465E-02,1.87681407473496E-02,1.71718583652025E-02,0.184724659629453
8.32830479745136E-02,7.63469818945884E-02,6.99885725387521E-02,6.41597108943395E-02,5.88162946138953E-02,5.39178943278831E-02,4.94274477478893E-02,4.53109792458441E-02,4.15373427875403E-02,3.80779862754317E-02,3.49067355176821E-02,3.19995961889293E-02,2.93345722843615E-02,2.68914996934914E-02,2.46518936344117E-02,2.25988087941943E-02,2.07167111172206E-02,1.89913602713709E-02,1.74097019027891E-02,0.191632862294872
8.15854244739786E-02,7.49292429873793E-02,0.06881610889274,6.32017174380784E-02,5.80453784934082E-02,5.33097216502708E-02,4.89604253808438E-02,4.49659682937211E-02,4.12974006835944E-02,3.79281347191515E-02,3.48337517485832E-02,3.19918253261539E-02,2.93817586772221E-02,0.026984635423749,0.024783082488427,2.27611441838349E-02,2.09041665740834E-02,1.91986912708619E-02,1.76323578941839E-02,0.198489063399734
7.99555853706767E-02,7.35626897387092E-02,6.76809418192092E-02,6.22694724976156E-02,5.72906803733455E-02,5.27099704878103E-02,4.84955139425863E-02,4.46180267374551E-02,4.10505662915773E-02,3.77683442339364E-02,0.034748554162231,0.031970213173405,2.94140160647001E-02,2.70622011921445E-02,2.48984270544076E-02,2.29076587444634E-02,0.021076063480078,0.019390914487219,1.78405025685205E-02,0.205289657579909
7.83895527022752E-02,7.22446307294124E-02,6.65814064413927E-02,6.13621197721635E-02,5.65519706503602E-02,5.21188869666463E-02,4.80333107299905E-02,0.044268000987057,4.07978521906578E-02,3.75997268062186E-02,3.46523010401514E-02,3.19359226615095E-02,2.94324799689391E-02,2.71252810292554E-02,2.49989423824485E-02,2.30392864710585E-02,2.12332471100126E-02,1.95687823666417E-02,1.80347942699927E-02,0.212031504723816
7.68836536133642E-02,7.09725574204244E-02,6.55159278996579E-02,6.04788239928625E-02,5.58289910380517E-02,5.15366542294984E-02,0.047574327957326,4.39166398057663E-02,4.05401680830768E-02,3.74232918427502E-02,3.45460524356404E-02,3.18900257064691E-02,2.94382040163319E-02,2.71748873357407E-02,2.50855827108373E-02,0.023156911459008,2.13765234996384E-02,0.019733018271434,0.018215871729907,0.218711886952215
7.54344916715217E-02,6.97441291377808E-02,6.44830162091993E-02,5.96187726600119E-02,5.51214608503239E-02,0.050963401470888,4.71190031870799E-02,4.35646051335937E-02,4.02783312904705E-02,3.72399558441967E-02,3.44307787052198E-02,0.031833510415737,2.94321657394057E-02,2.72119652780617E-02,0.025159244509928,0.023261369689482,2.15066600913727E-02,1.98843161198277E-02,1.83843528410927E-02,0.225328469154806
0.074038921357684,6.85571594818747E-02,0.06348126134249,5.87811772262668E-02,5.44290822682991E-02,5.03992117266656E-02,4.66677084531458E-02,0.04321248165704,4.00130761259639E-02,3.70505511293947E-02,3.43073682880668E-02,3.17672877453973E-02,2.94152720262689E-02,2.72373970140012E-02,2.52207695184936E-02,2.33534509475334E-02,2.16243866293985E-02,2.00233403683364E-02,0.018540833845487,0.231879262848192
7.26940253286651E-02,6.74096040101805E-02,6.25093285488692E-02,5.79652738360598E-02,5.37515447516382E-02,4.98441285960078E-02,4.62207582493643E-02,0.042860785278475,0.039745062267835,3.68558337046477E-02,3.41766347958129E-02,3.16921976403176E-02,2.93883642223313E-02,2.72520057291851E-02,2.52709477344508E-02,2.34339008197632E-02,2.17303962400219E-02,0.020150726265348,1.86858888598236E-02,0.238362593121203
7.13970941068197E-02,6.62995490599216E-02,6.15659539164507E-02,5.71703237109017E-02,5.30885287287971E-02,4.92981620471546E-02,4.57784165321806E-02,4.25099706189715E-02,3.94748822462105E-02,3.66564903636222E-02,0.034039323471505,3.16090146902774E-02,2.93522228938118E-02,0.027256559473618,0.025310520331852,2.35034227298262E-02,2.18253466453524E-02,2.02670803170003E-02,1.88200696763369E-02,0.24477706843939
7.01456079000345E-02,6.52252015923692E-02,6.06499401762701E-02,5.63956132535049E-02,5.24397086789426E-02,4.87612934355574E-02,4.53409028655283E-02,4.21604376712894E-02,3.92030681415053E-02,3.64531450951729E-02,3.38961170726039E-02,3.15184533350953E-02,2.93075722658361E-02,2.72517747931749E-02,2.53401824839529E-02,2.35626799793182E-02,2.19098614684149E-02,2.03729809167074E-02,1.89439057855691E-02,0.251121553089153
6.89372202959772E-02,6.41848799538411E-02,5.97601527447924E-02,5.56404539301033E-02,5.18047557001556E-02,4.82334798440747E-02,4.49083978184222E-02,4.18125377048743E-02,3.89300975819793E-02,3.62463648688267E-02,0.033747641228936,3.14211726510671E-02,2.92550843500626E-02,0.027238320155445,2.53605860783968E-02,2.36122977690751E-02,2.19845315960743E-02,2.04689790983317E-02,1.90579045769964E-02,0.257395142052568
6.77697436090969E-02,6.31770054602541E-02,5.88955159982222E-02,5.49041819792972E-02,5.11833396434931E-02,4.77146578387962E-02,4.44810477106652E-02,4.14665785118494E-02,0.038656399117755,3.60366648606937E-02,3.35944693225575E-02,3.13177807498842E-02,2.91953827780586E-02,2.72168191726202E-02,2.53723423154365E-02,2.36528651819572E-02,2.20499165729553E-02,2.05555993802042E-02,1.91625516804765E-02,0.263597138115727
6.66411356882773E-02,6.22000947224539E-02,5.80550097702311E-02,5.41861579867489E-02,5.05751308799275E-02,0.047204746720506,4.40589687891738E-02,0.041122829071809,3.83823570397487E-02,3.58245131762269E-02,3.34371269326835E-02,3.12088388197365E-02,2.91290463572769E-02,2.71878536265112E-02,2.53760241839142E-02,2.36849371130448E-02,0.022106546005126,2.06333406731994E-02,1.92583114176942E-02,0.26972703102571
6.55494880181305E-02,6.12527526386915E-02,0.057237666063524,5.34857663577073E-02,4.99798017567022E-02,4.67036513403028E-02,4.36422509063686E-02,4.07815237034974E-02,3.81083157041339E-02,3.56103351204946E-02,3.32760958851922E-02,3.10948648366756E-02,2.90566123666384E-02,2.71519663024643E-02,0.025372168812652,2.37090361370731E-02,2.21549209568846E-02,2.07026772310787E-02,1.93456273379768E-02,0.275784478523811
6.44930149683823E-02,6.03336659886703E-02,5.64425659649656E-02,5.28024147133332E-02,4.93970277908594E-02,0.04621126453815,4.32309607625831E-02,4.04428657630244E-02,3.78345834160053E-02,3.53945170614345E-02,3.31118179427926E-02,3.09763369725778E-02,2.89785796085397E-02,2.71096636400837E-02,2.53612796971558E-02,0.02372565430603,2.21955153277364E-02,2.07640596254737E-02,1.94249228172438E-02,0.281769289094958
6.34700440642107E-02,5.94415975706979E-02,5.56688367536386E-02,5.21355332318818E-02,4.88264886403431E-02,4.57274692548398E-02,4.28251447662904E-02,4.01070309409177E-02,0.037561435919813,3.51774099268674E-02,3.29446981687444E-02,3.08536967242921E-02,2.88954112336575E-02,2.70614182094036E-02,2.53438288032128E-02,2.37352548723171E-02,2.22287771996958E-02,2.08179157313376E-02,1.94966017025445E-02,0.287681406285294
0.062479007166233,5.85753808297548E-02,5.49156491911277E-02,5.14845739517769E-02,4.82678688868933E-02,4.52521403608104E-02,4.24248315589199E-02,0.039774170203924,3.72891195387219E-02,3.49593323718398E-02,3.27751079940528E-02,3.07273517868182E-02,2.88075373543303E-02,2.70076710215276E-02,2.53202585502305E-02,2.37382739348195E-02,0.022255130147532,2.08646517115589E-02,1.95610489877515E-02,0.293520894451377
6.15184324624835E-02,5.77339149298423E-02,5.41822149834361E-02,5.08490100503098E-02,4.77208586597457E-02,4.47851462392344E-02,4.20300342449936E-02,3.94444124218971E-02,3.70178540002983E-02,3.47405736490748E-02,3.26033880153362E-02,3.05976786916667E-02,2.87153574615646E-02,2.69488336829293E-02,2.52909836780634E-02,2.37351220067545E-02,2.22749745065933E-02,2.09046529918058E-02,1.96186315085778E-02,0.299287925815393
6.05869371865242E-02,5.69161602288804E-02,5.34677844041951E-02,5.02283351089955E-02,4.71851541247631E-02,4.43263501556696E-02,4.16407523630802E-02,3.91178667152586E-02,3.67478349817104E-02,3.45213962119328E-02,3.24298505480493E-02,3.04650252299263E-02,2.86192426599349E-02,2.68852904025714E-02,2.52563930017095E-02,2.37261855053567E-02,2.22886885944678E-02,2.09382852186248E-02,1.96696986472904E-02,0.304982768711059
5.96832209860429E-02,5.61211341187741E-02,5.27716440691759E-02,4.96220623743985E-02,4.66604578599241E-02,4.38756114421603E-02,4.12569736285601E-02,3.87946245542714E-02,3.64792364039283E-02,3.43020380762306E-02,3.22547819574551E-02,3.03297126780317E-02,2.85195377338257E-02,2.68173998608379E-02,2.52168510586724E-02,2.37118281643655E-02,2.22966298840487E-02,2.09658951954349E-02,1.97145830393157E-02,0.310605776914546
5.88060598751675E-02,5.53479071971257E-02,5.20931148525263E-02,4.90297240214247E-02,4.61464791349578E-02,4.34327865199193E-02,4.08786754752836E-02,3.84747616376666E-02,0.036212212501119,3.40827149645661E-02,3.20784447876515E-02,3.01920378427665E-02,2.84165630576315E-02,0.026745496949018,0.025172699654043,2.36923923709677E-02,2.22991361266145E-02,2.09878117923884E-02,1.97536012754765E-02,0.316157379963686
5.79543007114402E-02,5.45955997404881E-02,5.14315499356065E-02,4.84508704245829E-02,4.56429341102655E-02,4.29977297814868E-02,4.05058264198213E-02,3.81583395749215E-02,3.59468996885473E-02,3.38636222543531E-02,3.19010797070459E-02,3.00522749406841E-02,2.83106163617088E-02,2.66698943877561E-02,2.51242593084657E-02,2.36682004293507E-02,2.22965264243695E-02,0.021004346827151,1.97870545948828E-02,0.321638074377072
5.71268561451251E-02,5.38633784520993E-02,5.07863329797757E-02,4.78850694415017E-02,4.51495459680177E-02,0.042570294350485,4.01383872690693E-02,3.78454073936518E-02,0.035683418249721,3.36449367486028E-02,3.17229072869537E-02,2.99106773258667E-02,2.82019743650685E-02,2.65908842325069E-02,2.50718306141848E-02,2.36395557533933E-02,2.22891022525344E-02,2.10157959145501E-02,1.98152295645642E-02,0.327048415692328
5.63226999943999E-02,5.31504534597407E-02,5.01568764149614E-02,4.73319057119854E-02,0.044666044986406,4.21503327347003E-02,3.97763121894196E-02,3.75360028910913E-02,3.54218738612675E-02,3.34268182865399E-02,3.15441296284198E-02,2.97674790787737E-02,2.80908942850304E-02,2.65087392736403E-02,2.50156955043013E-02,2.36067439912613E-02,2.22771484315969E-02,2.10224392837532E-02,1.98383987428239E-02,0.332389011249887
5.55408630051301E-02,5.24560755417755E-02,0.049542619836323,4.67909799750785E-02,4.41921685664069E-02,4.17376973861605E-02,3.94195496534862E-02,0.037230153846458,3.51623589720118E-02,3.32094112094103E-02,3.13649318509473E-02,2.96228964678486E-02,2.79776152333127E-02,2.64237143384291E-02,2.49561184402716E-02,2.35700340848407E-02,2.22609340507084E-02,2.10245425622316E-02,1.98568213240372E-02,0.337660513655132
5.47804289584367E-02,5.17795335615664E-02,0.048943028501796,4.62619084059426E-02,4.37276612190291E-02,4.13322411801016E-02,0.039068043278442,3.69278791090822E-02,3.49049540509614E-02,3.29928456952752E-02,3.11854834555286E-02,2.94771292945583E-02,2.78623595073392E-02,0.026336047501733,2.48933475225183E-02,2.35296792670233E-02,2.22407133435213E-02,2.10223575262217E-02,1.98707437632175E-02,0.342863614857706
5.40405310932345E-02,5.11201520923957E-02,4.83575919237557E-02,0.045744321973806,4.32722745198417E-02,4.09338178231771E-02,3.87217325683389E-02,3.66291895754958E-02,3.46497287173211E-02,3.27772389752006E-02,0.031005939573211,2.93303621316299E-02,2.77453337848796E-02,2.62459612117857E-02,2.48276155288484E-02,2.34859179998909E-02,2.22167265179646E-02,2.10161228177805E-02,0.019880400379187,0.347999040792255
5.33203488144122E-02,5.04772892167216E-02,4.77858225484801E-02,4.52378658218115E-02,4.28257670365729E-02,4.05422821999382E-02,0.038380553571305,3.63340890671929E-02,3.43967427642762E-02,3.25626964420054E-02,3.08264421093799E-02,2.91827654634004E-02,2.76267302295228E-02,2.61536633370829E-02,2.47591408851748E-02,2.34389748568321E-02,2.21892005416139E-02,2.10060646288219E-02,1.98860139355951E-02,0.35306754652986
5.26191046604012E-02,4.98503344851389E-02,4.72272545175094E-02,4.47421986692292E-02,4.23879042347166E-02,4.01574906654549E-02,3.80444394612303E-02,3.60425751194735E-02,3.41460470870316E-02,3.23493126616201E-02,3.06471207929861E-02,2.90344967364402E-02,2.75067275139033E-02,2.60593481399841E-02,2.46881285728244E-02,2.33890613515815E-02,2.21583498844142E-02,2.09923973527443E-02,1.98877961993678E-02,0.358069911893949
5.19360615066045E-02,4.92387070217867E-02,4.66814425053975E-02,4.42569922362202E-02,4.19584583653425E-02,3.97793012909577E-02,3.77133210524209E-02,0.035754639690624,3.38976845245053E-02,3.21371722961091E-02,3.04680941390901E-02,2.88857013278931E-02,2.73854917670664E-02,2.59631971822634E-02,2.46147709764972E-02,2.33363767170909E-02,2.21243772205708E-02,2.09753242044479E-02,1.98859484764446E-02,0.363006937498667
5.12705199835628E-02,4.86418537641779E-02,4.61479606287241E-02,4.37819306911084E-02,0.041537208338691,3.94075740685007E-02,3.73871272547179E-02,3.54702697996769E-02,3.36516906230902E-02,3.19263509465184E-02,3.02894703323127E-02,2.87365134383483E-02,2.72631774518494E-02,2.58653801674891E-02,2.45392486767293E-02,2.32811086370676E-02,2.20874740914513E-02,0.020955037809659,1.98806621248826E-02,0.367879441171442
5.06218160908682E-02,4.80592478265305E-02,4.56264014215904E-02,4.33167101199386E-02,4.11239395865856E-02,3.90421710799014E-02,3.70657854757065E-02,3.51894481000917E-02,3.34080943300297E-02,3.17169159229085E-02,3.01113480380896E-02,2.85870569154572E-02,2.71399281777039E-02,2.57660557247726E-02,2.44617311904862E-02,2.32234339328972E-02,2.20478215313477E-02,2.09317207645834E-02,1.98721190455733E-02,0.372688254724938
0.049989318989732,4.74903869766748E-02,0.045116374873152,4.28610380179577E-02,4.07184439162469E-02,3.86829566345522E-02,3.67492219758815E-02,3.49121533959048E-02,3.31669186231784E-02,3.15089269482179E-02,2.99338171479793E-02,2.84374460139887E-02,0.027015877453942,2.56653721381095E-02,2.43823776633072E-02,2.31635192085682E-02,2.20055906579262E-02,2.09055461669696E-02,1.98604921509745E-02,0.377434221046737
4.93724289587971E-02,4.69347922175057E-02,0.044617507523051,4.24146328025505E-02,4.03205193576931E-02,3.83297973801237E-02,3.64373621819684E-02,3.46383611061932E-02,3.29281810832285E-02,3.13024368019545E-02,2.97569594647126E-02,2.82877860975114E-02,2.68911493880103E-02,2.55634680252304E-02,2.43013375162141E-02,2.31015214560912E-02,2.19609432291603E-02,2.08766781197102E-02,1.98459458123493E-02,0.382118191477944
0.048770575499286,4.63920064647544E-02,4.41294416109018E-02,4.19772233470759E-02,0.039929970006577,3.79825623896871E-02,3.61301309630044E-02,3.43680436830741E-02,3.26918944138659E-02,3.10974919091399E-02,2.95808493321468E-02,2.81381742864602E-02,2.67658593330104E-02,2.54604729696066E-02,2.42187510503947E-02,2.30375886237931E-02,0.021914032168495,2.08452722081275E-02,1.98286362860979E-02,0.386741023454501
4.81832155769107E-02,4.58615933135797E-02,4.36518342762509E-02,4.15485485349907E-02,3.95466058640215E-02,3.76411232283402E-02,0.035827452873272,3.41011709879075E-02,3.24580669147722E-02,3.08941328794078E-02,2.94055542148176E-02,2.79887000569266E-02,2.66401144883661E-02,2.53565081089797E-02,2.41347500124869E-02,2.29718601497404E-02,2.18650020599429E-02,2.08114759520991E-02,1.98087121198254E-02,0.391303578387362
4.76098319891713E-02,4.53431358871342E-02,4.31843568056856E-02,4.11283568336065E-02,3.91702426747677E-02,0.037305354002047,0.035529252365713,3.38377106298805E-02,3.22267029118937E-02,3.06923950006935E-02,2.92311352313652E-02,2.78394457941472E-02,2.65140144572161E-02,2.52516866835496E-02,2.40494581231027E-02,2.29044674624312E-02,2.18139896147433E-02,2.07754292341719E-02,1.97863145388301E-02,0.39580671975985
4.70499318477316E-02,4.48362357608554E-02,4.27266939239984E-02,4.07164058867953E-02,0.038800701764737,0.036975131391062,3.52354539790516E-02,3.35776282707133E-02,3.19978031489678E-02,3.04923086915317E-02,2.90576476457151E-02,0.027690487304329,2.63876517638296E-02,0.02514611454672,2.39629915710614E-02,2.28355344507752E-02,2.17611241111598E-02,2.07372647047996E-02,1.97615778137303E-02,0.400251311422436
4.65030451665233E-02,4.43405119567636E-02,4.22785431265315E-02,4.03124621259436E-02,0.038437809878927,3.66503346700251E-02,3.49459825014967E-02,3.33208878988411E-02,3.17713651438926E-02,3.02938999156041E-02,2.88851413195586E-02,2.75418942881338E-02,0.026261112334081,2.50398906410862E-02,2.38754594756388E-02,2.27651779052718E-02,0.021706527808919,2.06971081658124E-02,1.97346296099612E-02,0.404638216066989
4.59687235470845E-02,4.38556000025363E-02,4.18396140500282E-02,3.99163003984457E-02,3.80813990204072E-02,3.63308457165519E-02,3.46607631135759E-02,3.30674520760769E-02,3.15473835131853E-02,3.00971905618339E-02,2.87136611293529E-02,2.73937307788731E-02,2.61344759417758E-02,2.49331074421605E-02,2.37869643189819E-02,2.26935079321783E-02,2.16503163397305E-02,2.06550789332024E-02,1.97055913198788E-02,0.40896829386414
0.045446538953411,4.33811510505671E-02,4.14096278795037E-02,3.95277036130316E-02,3.77313062910431E-02,3.60165490099241E-02,3.43797215123772E-02,3.28172821594575E-02,3.13258502674525E-02,2.99021987930241E-02,2.85432473507843E-02,0.0272460555482,2.60078166234019E-02,2.48258513721334E-02,2.36976023506981E-02,2.26206283423647E-02,2.15925990752528E-02,2.06112901802737E-02,1.96745783782162E-02,0.413242401248883
4.49360825692907E-02,4.29168310526166E-02,4.09883167888239E-02,3.91464624012251E-02,0.037387373734468,0.035707331621287,3.41027840192238E-02,3.25703385006933E-02,3.11067550805164E-02,2.97089393657555E-02,0.02837393601337,2.70989224818574E-02,2.58812030636738E-02,2.47182031858121E-02,2.36074639664898E-02,2.25466370164401E-02,2.15334794738096E-02,2.05658492621703E-02,0.019641700561618,0.417461389840859
4.44369637317157E-02,4.24623199860219E-02,4.05754234128386E-02,3.87723747942433E-02,0.037049448181719,3.54030831965878E-02,3.38298776725902E-02,3.23265806254049E-02,3.08900855345833E-02,2.95174239240136E-02,2.82057592276484E-02,2.69523809278239E-02,2.57546989540509E-02,2.46102383307084E-02,2.35166340625779E-02,0.022471626247647,2.14730554070877E-02,2.05188580227539E-02,1.96070622729804E-02,0.421626105487004
4.39488089345294E-02,4.20173111277657E-02,4.01707003490688E-02,3.84052459146613E-02,3.67173810998743E-02,3.51036959333396E-02,3.35609303078694E-02,3.20859673941039E-02,3.06758273436208E-02,2.93276612687874E-02,2.80387454871889E-02,2.68064760190085E-02,2.56283633262411E-02,2.45020272831114E-02,2.34251923675373E-02,2.23956830639219E-02,2.14114194679872E-02,2.04704130847716E-02,1.95707628112981E-02,0.425737387415314
4.34712608969708E-02,4.15815103729983E-02,3.97739096870835E-02,3.80448876821838E-02,3.63910284439556E-02,3.48090645521594E-02,3.32958706254329E-02,3.18484571466829E-02,3.04639645568935E-02,2.91396576056847E-02,2.78729199474596E-02,2.66612489724632E-02,2.55022508625421E-02,2.43936358618366E-02,2.33332137530611E-02,2.23188895304369E-02,2.13486592607286E-02,2.04206061242049E-02,1.95328966277053E-02,0.429796067489516
4.30039776922396E-02,0.041154635594885,3.93848225638303E-02,3.76911185328825E-02,3.60702505122989E-02,3.45190862639145E-02,3.30346282482646E-02,3.16140078320048E-02,0.030254479744435,0.028953416772415,0.02770830468342,2.65167373669243E-02,2.53764121847262E-02,2.42851255212252E-02,2.32407685250571E-02,2.22413230338551E-02,2.12848576742612E-02,2.03695241296549E-02,1.94935535683817E-02,0.433802969555324
4.25466319316191E-02,4.07364160428945E-02,3.90032187433041E-02,3.73437631512843E-02,3.57549118055451E-02,3.42336607332071E-02,3.27771337703194E-02,3.13825771240202E-02,3.00473541660587E-02,2.87689404478366E-02,2.75449189275397E-02,2.63729754003434E-02,2.52508941230434E-02,2.41765536248459E-02,2.31479226963947E-02,2.21630565494494E-02,2.12200931399604E-02,2.03172496475799E-02,1.94528191049614E-02,0.437758908869793
4.20989100000664E-02,4.03265917768727E-02,3.86288862190487E-02,3.70026522147102E-02,3.54448808893593E-02,3.39526900388351E-02,0.03252331879663,3.11541225257073E-02,2.98425679253665E-02,2.85862283441056E-02,2.73827792898057E-02,2.62299941289325E-02,2.51257399667963E-02,0.024067973701249,2.30547382425164E-02,2.20841588921694E-02,2.11544398745409E-02,2.02638610141608E-02,1.94107745530716E-02,0.441664691606056
4.16605113395246E-02,0.039924913134454,3.82616208380865E-02,3.66676221492928E-02,3.51400302609488E-02,3.36760786317912E-02,3.22731159760808E-02,3.09286014619976E-02,2.96401001100743E-02,0.028405278383334,2.72218999611427E-02,2.60878216891281E-02,2.50009896978247E-02,2.39594356830192E-02,2.29612733410581E-02,0.022004694952663,2.10879681090649E-02,2.02094325745296E-02,1.93674972795931E-02,0.445521114426392
4.12311477765168E-02,3.95311402295478E-02,3.79012259449691E-02,3.63385148971209E-02,3.48402362194186E-02,0.033403733291287,3.20264590276665E-02,3.07059713627383E-02,2.94399289198597E-02,2.82260868600349E-02,0.027062292901556,2.59464835037606E-02,0.024876680208136,2.38509861302852E-02,2.28675825965318E-02,2.19247259192025E-02,2.10207443048681E-02,0.020154034890062,1.93230608992165E-02,0.449328964117222
4.08105428908618E-02,3.91450424798149E-02,3.75475120447279E-02,3.60151776939813E-02,3.45453787399791E-02,3.31355630792301E-02,3.17832827609723E-02,3.04861897366433E-02,2.92420317828171E-02,2.80486485905284E-02,0.026903968014194,2.58060024736164E-02,2.47528455028252E-02,2.37426684397611E-02,2.27737172510569E-02,2.18443094863982E-02,2.09528313571823E-02,0.020097734934395,1.92775354608458E-02,0.453089017280169
4.03984314226095E-02,3.87663981612023E-02,3.72002964835853E-02,3.56974628571925E-02,0.034255341351995,3.28714792935284E-02,0.031543523091529,3.02692142370884E-02,2.90463854615152E-02,2.78729570503734E-02,2.67469333064286E-02,2.56663991554837E-02,2.46295168893356E-02,2.36345230403097E-02,2.26797253820598E-02,2.17635000515289E-02,2.08842887871813E-02,2.00405962788024E-02,0.019230987624365,0.456802040073886
3.99945587145223E-02,3.83949939877529E-02,0.036859403146366,3.53852275830464E-02,3.39700110208495E-02,3.26113954205432E-02,3.13071170516338E-02,3.00550027205297E-02,2.88529661495585E-02,2.76990045008017E-02,2.65911950389607E-02,2.55276919276856E-02,2.45067231540376E-02,2.35265875759529E-02,2.25856520877941E-02,0.021682348899263,2.08151729231427E-02,1.99826792675152E-02,0.019183480828277,0.460468788001767
